0x80000000 2, 4, 6, 8, 12, 14, 10, 16, 18
0x80008000 2, 4, 6, 8, 10, 12, 14
0x00808080 2, 4, 6, 12, 8, 14, 10, 16, 18, 14, 20
0x80808080 2, 4, 6, 8, 10
0x08888000 2, 4, 6, 8, 14, 10, 12, 16, 18
0xaa2a2a80 4, 6, 12, 8, 2, 14, 8, 16, 18, 2, 10, 20, 22, 16, 24
0x88080808 2, 4, 6, 12, 8, 14, 10, 16, 18, 12, 20, 14, 22
0x2888a000 4, 10, 6, 8, 14, 12, 2, 16, 18
0xf7788000 6, 8, 2, 4, 12, 10, 8, 6, 18, 10, 20, 14, 16, 22, 24, 10, 26
0xa8202020 8, 10, 12, 6, 4, 14, 16, 6, 2, 18, 20
0x08880888 2, 4, 6, 10, 8, 12, 14, 10, 16
0xbd686868 8, 10, 12, 4, 2, 14, 4, 6, 16, 6, 18, 2, 20, 22, 24, 12, 26
0xaa808080 4, 6, 8, 10, 12, 14, 14, 12, 18, 16, 2, 20, 22
0x7e686868 8, 10, 12, 4, 12, 2, 14, 16, 2, 6, 18, 6, 20, 14, 22, 24, 26, 12, 28
0x2208a208 2, 4, 6, 12, 10, 14, 14, 8, 18, 12, 16, 2, 20, 22, 24
0x08888888 2, 4, 6, 12, 8, 14, 10, 16, 18, 12, 20
0x88888888 2, 4, 6
0xea404040 4, 6, 8, 10, 14, 12, 2, 16, 18, 12, 20
0x2a802a80 4, 6, 10, 8, 2, 12, 14
0x73d28c88 2, 4, 10, 4, 14, 12, 8, 16, 18, 10, 6, 2, 20, 22, 18, 12, 26, 24, 28
0xea808080 4, 6, 12, 2, 8, 10, 16, 2, 14, 18, 20, 2, 22
0xa28280a0 6, 8, 12, 10, 4, 2, 14, 16, 18, 6, 2, 20, 22
0x13284c88 2, 6, 12, 2, 4, 14, 12, 8, 16, 10, 20, 4, 18, 22, 24, 16, 26
0xa2220888 6, 8, 4, 12, 14, 4, 16, 10, 2, 18, 20
0xaae6da80 4, 6, 12, 10, 4, 2, 14, 16, 18, 12, 20, 6, 10, 22, 24, 6, 26, 2, 8, 28, 30, 18, 32, 12, 34
0x58d87888 2, 4, 8, 2, 6, 14, 16, 6, 10, 18, 12, 6, 20, 2, 22, 24, 26, 16, 28
0x8c88ac28 6, 10, 12, 4, 2, 14, 4, 8, 16, 6, 18, 2, 20, 22, 24, 18, 26
0x8880f880 2, 4, 12, 6, 8, 14, 10, 16, 18, 12, 6, 20, 22, 16, 24
0x9ee8e888 2, 4, 12, 6, 14, 8, 10, 16, 6, 8, 20, 18, 10, 2, 24, 4, 26, 18, 22, 28, 30, 12, 32
0x4268c268 4, 6, 10, 12, 8, 4, 16, 12, 14, 2, 18, 20, 22, 6, 2, 24, 26, 12, 28
0x16704c80 2, 10, 12, 4, 8, 14, 2, 4, 18, 10, 6, 20, 22, 16, 24
0x78888888 6, 8, 10, 12, 2, 4, 16, 14, 18
0x4966bac0 2, 8, 4, 6, 12, 10, 14, 2, 16, 18, 10, 6, 12, 8, 24, 4, 22, 26, 28, 20, 30
0x372840a0 2, 4, 12, 2, 6, 14, 4, 6, 18, 16, 20, 10, 12, 8, 22, 24, 26, 16, 28
0x5208d288 2, 4, 10, 12, 14, 8, 6, 2, 16, 18, 14, 12, 22, 20, 24
0x7ca00428 8, 2, 4, 12, 10, 14, 10, 2, 18, 14, 8, 20, 6, 4, 22, 2, 24, 26, 28, 16, 30
0xf8880888 2, 4, 12, 10, 6, 14, 8, 16, 18, 12, 20
0x2ec0ae40 8, 6, 4, 12, 14, 8, 2, 16, 10, 18, 20, 14, 4, 22, 24, 18, 26
0xf888f888 2, 4, 6, 8, 10, 12, 14, 10, 16, 12, 18
0x58362ec0 6, 10, 10, 8, 14, 12, 4, 2, 16, 18, 20, 8, 2, 22, 24, 6, 12, 4, 26, 28, 30, 20, 32
0x0eb8f6c0 6, 10, 2, 8, 14, 10, 12, 2, 16, 18, 14, 4, 22, 8, 20, 4, 12, 6, 28, 26, 24, 30, 32, 12, 34, 22, 36
0x567cea40 2, 8, 10, 12, 14, 4, 16, 2, 6, 18, 20, 10, 6, 4, 22, 24, 20, 12, 28, 26, 30
0xf8887888 2, 4, 6, 8, 12, 14, 10, 16, 18, 12, 20, 14, 22
0x78887888 2, 4, 6, 8, 12, 10, 14
0xe72890a0 4, 10, 12, 6, 2, 14, 8, 4, 6, 18, 20, 10, 8, 22, 24, 16, 26
0x268cea40 4, 6, 12, 8, 2, 14, 4, 10, 16, 12, 20, 18, 22
0x6248eac0 2, 8, 6, 12, 14, 10, 2, 16, 18, 6, 4, 20, 22, 12, 24